2.094395102393195263e+00
2.444395102393195351e+00
2.794395102393195440e+00
3.144395102393195529e+00
3.494395102393195618e+00
3.844395102393195707e+00
4.194395102393195351e+00
4.544395102393194996e+00
4.894395102393194641e+00
5.244395102393194286e+00
5.594395102393193930e+00
5.944395102393193575e+00
6.294395102393193220e+00
6.644395102393192865e+00
6.994395102393192509e+00
7.344395102393192154e+00
7.694395102393191799e+00
8.044395102393192332e+00
8.394395102393191976e+00
8.744395102393191621e+00
9.094395102393191266e+00
9.444395102393190911e+00
9.794395102393190555e+00
1.014439510239319020e+01
1.049439510239318984e+01
1.084439510239318949e+01
1.119439510239318913e+01
1.154439510239318878e+01
1.189439510239318842e+01
1.224439510239318807e+01
1.259439510239318771e+01
1.294439510239318736e+01
1.329439510239318700e+01
1.364439510239318665e+01
1.399439510239318629e+01
1.434439510239318594e+01
1.469439510239318558e+01
1.504439510239318523e+01
1.539439510239318487e+01
1.574439510239318452e+01
1.609439510239318594e+01
1.644439510239318736e+01
1.679439510239318878e+01
1.714439510239319020e+01
1.749439510239319162e+01
1.784439510239319304e+01
1.819439510239319446e+01
1.854439510239319588e+01
1.889439510239319731e+01
1.924439510239319873e+01
1.959439510239320015e+01
1.994439510239320157e+01
2.029439510239320299e+01
2.064439510239320441e+01
2.099439510239320583e+01
2.134439510239320725e+01
2.169439510239320867e+01
2.204439510239321010e+01
2.239439510239321152e+01
2.274439510239321294e+01
2.309439510239321436e+01
2.344439510239321578e+01
2.379439510239321720e+01
2.414439510239321862e+01
2.449439510239322004e+01
2.484439510239322146e+01
2.519439510239322288e+01
2.554439510239322431e+01
2.589439510239322573e+01
