6.911503837897544855e+00
6.941503837897545104e+00
6.971503837897545353e+00
7.001503837897545601e+00
7.031503837897545850e+00
7.061503837897546099e+00
7.091503837897546347e+00
7.121503837897546596e+00
7.151503837897546845e+00
7.181503837897547093e+00
7.211503837897547342e+00
7.241503837897547591e+00
7.271503837897547839e+00
7.301503837897548088e+00
7.331503837897548337e+00
7.361503837897548586e+00
7.391503837897548834e+00
7.421503837897549083e+00
7.451503837897549332e+00
7.481503837897549580e+00
7.511503837897549829e+00
7.541503837897550078e+00
7.571503837897550326e+00
7.601503837897550575e+00
7.631503837897550824e+00
7.661503837897551072e+00
7.691503837897551321e+00
7.721503837897551570e+00
