3.874630939427411658e+00
4.244630939427411320e+00
4.614630939427411427e+00
4.984630939427411533e+00
5.354630939427411640e+00
5.724630939427411747e+00
6.094630939427411853e+00
6.464630939427411960e+00
6.834630939427412066e+00
7.204630939427412173e+00
7.574630939427412279e+00
7.944630939427412386e+00
8.314630939427411604e+00
8.684630939427410823e+00
9.054630939427410041e+00
9.424630939427409260e+00
9.794630939427408478e+00
1.016463093942740770e+01
1.053463093942740691e+01
1.090463093942740613e+01
1.127463093942740535e+01
