3.769911184307751739e+00
4.146902302738526558e+00
4.523893421169301376e+00
4.900884539600076195e+00
5.277875658030851014e+00
5.654866776461625832e+00
6.031857894892400651e+00
6.408849013323175470e+00
6.785840131753950288e+00
7.162831250184725107e+00
7.539822368615499926e+00
7.916813487046274744e+00
8.293804605477049563e+00
8.670795723907824382e+00
9.047786842338599200e+00
9.424777960769374019e+00
9.801769079200148838e+00
1.017876019763092366e+01
1.055575131606169847e+01
1.093274243449247329e+01
1.130973355292324811e+01
1.168672467135402293e+01
1.206371578978479775e+01
1.244070690821557257e+01
1.281769802664634739e+01
1.319468914507712221e+01
1.357168026350789702e+01
1.394867138193867184e+01
1.432566250036944666e+01
