3.455751918948772872e+00
3.738495257771854430e+00
4.021238596594935544e+00
4.303981935418017102e+00
4.586725274241098660e+00
4.869468613064180218e+00
5.152211951887261776e+00
5.434955290710343334e+00
5.717698629533424892e+00
6.000441968356506450e+00
6.283185307179588008e+00
6.565928646002669566e+00
6.848671984825751125e+00
7.131415323648832683e+00
7.414158662471914241e+00
7.696902001294995799e+00
7.979645340118077357e+00
8.262388678941158915e+00
8.545132017764240473e+00
8.827875356587322031e+00
9.110618695410403589e+00
9.393362034233485147e+00
9.676105373056566705e+00
