3.874630939427411658e+00
4.294630939427412031e+00
4.714630939427411960e+00
5.134630939427411889e+00
5.554630939427411818e+00
5.974630939427411747e+00
6.394630939427411676e+00
6.814630939427411604e+00
7.234630939427411533e+00
7.654630939427411462e+00
8.074630939427411391e+00
8.494630939427411320e+00
8.914630939427411249e+00
9.334630939427411178e+00
9.754630939427411107e+00
1.017463093942741104e+01
1.059463093942741096e+01
1.101463093942741089e+01
1.143463093942741082e+01
1.185463093942741075e+01
1.227463093942741068e+01
1.269463093942741061e+01
1.311463093942741054e+01
1.353463093942741047e+01
1.395463093942741040e+01
1.437463093942741033e+01
1.479463093942741025e+01
1.521463093942741018e+01
1.563463093942741011e+01
1.605463093942741182e+01
1.647463093942741352e+01
1.689463093942741523e+01
