3.874630939427411658e+00
4.324630939427411391e+00
4.774630939427411569e+00
5.224630939427411747e+00
5.674630939427411924e+00
6.124630939427412102e+00
6.574630939427412279e+00
7.024630939427412457e+00
7.474630939427412635e+00
7.924630939427412812e+00
8.374630939427412102e+00
8.824630939427411391e+00
9.274630939427410681e+00
9.724630939427409970e+00
1.017463093942740926e+01
1.062463093942740855e+01
1.107463093942740784e+01
1.152463093942740713e+01
1.197463093942740642e+01
1.242463093942740571e+01
1.287463093942740500e+01
1.332463093942740429e+01
1.377463093942740358e+01
1.422463093942740286e+01
