3.455751918948772872e+00
3.612831551628262527e+00
3.769911184307752183e+00
3.926990816987241839e+00
4.084070449666731051e+00
4.241150082346221595e+00
4.398229715025710362e+00
4.555309347705200906e+00
4.712388980384689674e+00
4.869468613064180218e+00
5.026548245743668986e+00
5.183627878423159530e+00
5.340707511102648297e+00
5.497787143782138841e+00
5.654866776461627609e+00
5.811946409141118153e+00
5.969026041820606920e+00
6.126105674500097464e+00
6.283185307179586232e+00
6.440264939859076776e+00
