4.712388980384689674e+00
5.062388980384689319e+00
5.412388980384688963e+00
5.762388980384688608e+00
6.112388980384688253e+00
6.462388980384687898e+00
6.812388980384687542e+00
7.162388980384687187e+00
7.512388980384686832e+00
7.862388980384686477e+00
8.212388980384686121e+00
8.562388980384685766e+00
8.912388980384685411e+00
9.262388980384685055e+00
9.612388980384684700e+00
9.962388980384684345e+00
1.031238898038468399e+01
1.066238898038468363e+01
1.101238898038468328e+01
1.136238898038468292e+01
1.171238898038468257e+01
1.206238898038468221e+01
1.241238898038468186e+01
1.276238898038468150e+01
1.311238898038468115e+01
1.346238898038468079e+01
1.381238898038468044e+01
1.416238898038468008e+01
1.451238898038467973e+01
1.486238898038467937e+01
1.521238898038467902e+01
1.556238898038467866e+01
1.591238898038467831e+01
1.626238898038467795e+01
1.661238898038467937e+01
