8.377580409572781051e+00
8.727580409572780695e+00
9.077580409572780340e+00
9.427580409572779985e+00
9.777580409572779629e+00
1.012758040957277927e+01
1.047758040957277892e+01
1.082758040957277856e+01
1.117758040957277821e+01
1.152758040957277785e+01
1.187758040957277750e+01
1.222758040957277714e+01
1.257758040957277679e+01
1.292758040957277643e+01
1.327758040957277608e+01
1.362758040957277572e+01
1.397758040957277537e+01
1.432758040957277501e+01
1.467758040957277466e+01
1.502758040957277430e+01
1.537758040957277395e+01
1.572758040957277359e+01
1.607758040957277501e+01
1.642758040957277643e+01
