1.570796326794896558e+00
1.770796326794896514e+00
1.970796326794896469e+00
2.170796326794896647e+00
2.370796326794896824e+00
2.570796326794897002e+00
2.770796326794897180e+00
2.970796326794897357e+00
3.170796326794897535e+00
3.370796326794897713e+00
3.570796326794897890e+00
3.770796326794898068e+00
3.970796326794898246e+00
4.170796326794897979e+00
4.370796326794898157e+00
4.570796326794898334e+00
4.770796326794898512e+00
4.970796326794898690e+00
5.170796326794898867e+00
5.370796326794899045e+00
5.570796326794899223e+00
5.770796326794899400e+00
5.970796326794899578e+00
6.170796326794899755e+00
6.370796326794899933e+00
6.570796326794900111e+00
6.770796326794900288e+00
6.970796326794900466e+00
7.170796326794900644e+00
7.370796326794900821e+00
7.570796326794900999e+00
