2.827433388230813804e+00
3.204424506661589067e+00
3.581415625092364330e+00
3.958406743523139593e+00
4.335397861953914855e+00
4.712388980384689674e+00
5.089380098815465381e+00
5.466371217246241088e+00
5.843362335677015906e+00
6.220353454107790725e+00
6.597344572538566432e+00
6.974335690969342139e+00
7.351326809400116957e+00
7.728317927830891776e+00
8.105309046261666595e+00
8.482300164692443190e+00
8.859291283123218008e+00
9.236282401553992827e+00
9.613273519984769422e+00
9.990264638415544241e+00
1.036725575684631906e+01
1.074424687527709388e+01
1.112123799370787047e+01
1.149822911213864529e+01
1.187522023056942011e+01
1.225221134900019493e+01
1.262920246743096975e+01
1.300619358586174634e+01
1.338318470429252116e+01
1.376017582272329598e+01
1.413716694115407257e+01
