3.874630939427411658e+00
4.374630939427412102e+00
4.874630939427412102e+00
5.374630939427412102e+00
5.874630939427412102e+00
6.374630939427412102e+00
6.874630939427412102e+00
7.374630939427412102e+00
7.874630939427412102e+00
8.374630939427412102e+00
8.874630939427412102e+00
9.374630939427412102e+00
9.874630939427412102e+00
1.037463093942741210e+01
1.087463093942741210e+01
1.137463093942741210e+01
1.187463093942741210e+01
1.237463093942741210e+01
1.287463093942741210e+01
1.337463093942741210e+01
1.387463093942741210e+01
1.437463093942741210e+01
