4.398229715025710362e+00
4.555309347705200018e+00
4.712388980384689674e+00
4.869468613064179330e+00
5.026548245743668986e+00
5.183627878423158641e+00
5.340707511102648297e+00
5.497787143782137953e+00
5.654866776461627609e+00
5.811946409141117265e+00
5.969026041820606920e+00
6.126105674500096576e+00
6.283185307179586232e+00
6.440264939859075888e+00
6.597344572538565544e+00
6.754424205218055199e+00
6.911503837897544855e+00
7.068583470577034511e+00
7.225663103256524167e+00
7.382742735936013823e+00
7.539822368615503478e+00
7.696902001294993134e+00
