4.188790204786390525e+00
4.558790204786390632e+00
4.928790204786390738e+00
5.298790204786390845e+00
5.668790204786390952e+00
6.038790204786391058e+00
6.408790204786391165e+00
6.778790204786391271e+00
7.148790204786391378e+00
7.518790204786391485e+00
7.888790204786391591e+00
8.258790204786391698e+00
8.628790204786390916e+00
8.998790204786390134e+00
9.368790204786389353e+00
9.738790204786388571e+00
1.010879020478638779e+01
1.047879020478638701e+01
1.084879020478638623e+01
1.121879020478638544e+01
