9.424777960769379348e-01
1.162389281828223542e+00
1.382300767579509149e+00
1.602212253330794756e+00
1.822123739082080363e+00
2.042035224833365969e+00
2.261946710584651576e+00
2.481858196335937183e+00
2.701769682087222790e+00
2.921681167838508397e+00
3.141592653589794004e+00
3.361504139341079611e+00
3.581415625092365218e+00
3.801327110843650825e+00
4.021238596594936432e+00
4.241150082346221595e+00
4.461061568097507646e+00
4.680973053848793697e+00
4.900884539600078860e+00
5.120796025351364023e+00
5.340707511102650074e+00
5.560618996853936125e+00
5.780530482605221287e+00
6.000441968356506450e+00
6.220353454107792501e+00
6.440264939859078552e+00
6.660176425610363715e+00
6.880087911361648878e+00
7.099999397112934929e+00
7.319910882864220980e+00
7.539822368615506143e+00
7.759733854366791306e+00
7.979645340118077357e+00
8.199556825869363408e+00
8.419468311620647683e+00
8.639379797371933734e+00
8.859291283123219785e+00
9.079202768874505836e+00
9.299114254625790110e+00
