6.283185307179586232e+00
6.633185307179585877e+00
6.983185307179585521e+00
7.333185307179585166e+00
7.683185307179584811e+00
8.033185307179584456e+00
8.383185307179584100e+00
8.733185307179583745e+00
9.083185307179583390e+00
9.433185307179583035e+00
9.783185307179582679e+00
1.013318530717958232e+01
1.048318530717958197e+01
1.083318530717958161e+01
1.118318530717958126e+01
1.153318530717958090e+01
1.188318530717958055e+01
1.223318530717958019e+01
1.258318530717957984e+01
1.293318530717957948e+01
1.328318530717957913e+01
1.363318530717957877e+01
1.398318530717957842e+01
1.433318530717957806e+01
1.468318530717957771e+01
1.503318530717957735e+01
1.538318530717957699e+01
1.573318530717957664e+01
1.608318530717957628e+01
1.643318530717957771e+01
