9.199999999999999289e+00
9.449999999999999289e+00
9.699999999999999289e+00
9.949999999999999289e+00
1.019999999999999929e+01
1.044999999999999929e+01
1.069999999999999929e+01
1.094999999999999929e+01
1.119999999999999929e+01
1.144999999999999929e+01
1.169999999999999929e+01
1.194999999999999929e+01
1.219999999999999929e+01
1.244999999999999929e+01
1.269999999999999929e+01
1.294999999999999929e+01
1.319999999999999929e+01
1.344999999999999929e+01
1.369999999999999929e+01
1.394999999999999929e+01
1.419999999999999929e+01
1.444999999999999929e+01
1.469999999999999929e+01
1.494999999999999929e+01
1.519999999999999929e+01
1.544999999999999929e+01
1.569999999999999929e+01
1.594999999999999929e+01
