3.665191429188091821e+00
4.085191429188092194e+00
4.505191429188092123e+00
4.925191429188092052e+00
5.345191429188091981e+00
5.765191429188091909e+00
6.185191429188091838e+00
6.605191429188091767e+00
7.025191429188091696e+00
7.445191429188091625e+00
7.865191429188091554e+00
8.285191429188092371e+00
8.705191429188092300e+00
9.125191429188092229e+00
9.545191429188092158e+00
9.965191429188092087e+00
1.038519142918809202e+01
1.080519142918809194e+01
1.122519142918809187e+01
1.164519142918809180e+01
1.206519142918809173e+01
1.248519142918809166e+01
1.290519142918809159e+01
1.332519142918809152e+01
1.374519142918809145e+01
1.416519142918809138e+01
1.458519142918809131e+01
1.500519142918809123e+01
1.542519142918809116e+01
1.584519142918809109e+01
1.626519142918809280e+01
1.668519142918809450e+01
